9 9 6 10 9 7 13 13 4 1 13 11 8 4 8 8 3 5 4 10 1 1 10 2 3 12 5 2 6 0 5 14
1 7 7 2 4 4 5 2 1 2 12 6 8 0 4 1 9 13 5 7 13 4 0 3 6 13 7 14 2 0 0 6
4 8 0 7 13 12 14 14 11 6 7 0 14 15 5 9 15 1 0 10 14 4 14 2 15 9 1 3 1 9 0 8
3 0 13 0 1 0 13 12 13 15 3 9 10 3 9 14 0 4 3 8 13 7 9 2 1 13 15 15 4 0 14 4
3 9 2 6 3 10 13 0 8 15 0 10 0 8 1 3 8 4 3 8 13 7 9 2 1 13 15 15 4 0 14 4
3 0 13 0 1 0 13 12 13 15 3 9 10 3 9 14 0 4 3 8 13 7 9 2 1 13 15 14 2 0 0 6
3 0 13 0 1 0 13 12 13 15 3 9 10 3 9 14 0 4 3 8 13 7 9 0 1 13 15 14 2 0 0 0
3 9 2 6 3 10 13 0 8 15 10 0 2 15 9 14 0 4 3 8 13 7 9 2 1 13 15 14 2 0 0 0
3 6 10 15 4 11 6 14 11 6 5 1 15 6 0 13 3 4 3 8 13 7 9 2 1 13 15 14 2 0 0 6
3 9 2 6 3 10 13 0 8 15 10 0 2 15 7 4 3 12 3 8 13 7 13 2 1 13 15 15 4 0 14 4
3 9 2 6 3 10 13 0 8 15 10 0 2 15 7 4 3 12 3 8 13 7 9 0 1 13 15 14 2 0 0 0
1 7 7 2 3 10 13 0 8 15 0 9 9 4 14 0 3 12 3 8 13 7 9 0 1 13 15 14 2 0 0 0
3 0 13 0 1 0 13 12 11 1 13 11 8 4 9 10 3 4 3 8 13 7 9 2 1 13 15 14 2 0 0 6
3 0 10 12 13 6 13 9 5 4 2 6 8 0 4 13 3 4 3 8 13 7 1 2 1 13 15 14 2 0 0 0
2 13 7 5 10 15 13 0 4 1 13 11 8 4 9 10 3 10 11 8 13 7 9 2 1 13 15 10 10 0 0 6
2 13 7 5 10 15 13 0 8 0 2 6 8 4 4 13 3 4 3 8 13 7 1 2 1 13 15 14 2 0 0 0
2 13 7 5 10 15 13 0 8 0 2 6 8 4 4 13 3 4 3 8 13 7 1 2 1 13 15 14 2 0 0 0
3 13 2 8 13 0 13 12 2 0 0 13 8 4 9 10 2 4 7 8 13 7 9 2 1 13 15 14 2 0 0 6
3 9 2 12 13 10 13 0 8 15 10 0 2 15 7 4 3 12 7 8 13 7 13 5 1 13 15 15 2 0 0 0
3 9 4 3 13 14 13 0 8 15 11 3 8 4 9 10 2 4 7 8 13 7 9 2 1 13 15 11 1 9 0 8
3 9 4 3 13 14 13 0 8 15 11 3 8 4 9 10 2 6 7 8 13 7 9 2 1 13 15 11 1 9 2 0
3 9 4 3 13 14 13 0 8 15 11 3 8 4 9 10 2 4 7 8 13 10 13 4 1 13 15 14 6 0 0 0
3 13 2 7 11 10 13 0 8 15 11 3 8 4 9 10 2 4 7 8 13 7 9 2 1 13 11 14 2 0 0 0
1 10 2 12 13 7 13 13 4 1 13 11 8 4 9 10 2 6 7 8 13 7 11 2 1 13 15 11 1 9 0 0
1 7 10 6 13 7 13 13 4 1 13 11 8 4 9 10 2 6 7 8 13 7 11 2 1 13 15 11 1 9 0 0
1 6 2 12 13 7 13 13 4 1 13 11 8 4 9 10 2 6 7 8 13 7 11 2 1 13 15 14 2 0 0 2
1 7 7 2 0 4 13 0 11 6 10 5 8 12 9 13 3 6 3 8 13 7 9 0 1 13 15 14 2 0 0 0
1 7 7 2 3 10 13 0 8 1 11 3 8 4 9 10 2 4 7 8 13 7 9 2 1 13 15 14 6 0 0 0
3 7 2 8 9 10 13 0 11 1 13 11 8 4 4 13 3 4 2 8 15 7 13 0 1 13 15 14 2 0 0 0
3 0 10 12 13 7 13 13 4 1 13 11 8 4 14 0 3 13 15 8 13 7 9 2 1 13 11 14 2 0 0 0
3 13 7 4 13 7 13 0 8 1 13 11 8 4 9 10 3 10 8 8 13 7 13 5 1 13 11 14 2 0 0 0
3 0 10 12 13 7 13 13 4 1 13 11 8 4 14 0 3 5 2 8 13 7 13 5 1 13 11 14 2 0 0 0
3 0 9 4 13 7 13 0 8 1 13 11 8 4 9 0 3 12 7 8 13 7 9 0 1 13 7 4 2 0 0 0
3 0 9 4 13 7 13 0 8 1 13 11 8 4 9 0 3 12 7 8 13 7 9 2 1 13 14 14 2 0 0 0
3 0 9 4 13 7 13 0 8 1 13 11 8 4 9 0 3 12 7 8 13 7 9 2 1 13 15 10 6 0 0 0
3 0 9 4 13 7 13 0 8 1 13 11 8 4 9 0 3 12 7 8 13 7 9 2 1 13 15 13 1 1 0 6
3 0 9 4 13 7 13 0 8 1 13 11 8 4 9 0 3 12 7 8 13 7 9 2 1 13 15 13 1 1 0 6
3 1 7 2 0 4 13 0 11 6 10 0 2 15 7 12 3 13 0 8 13 7 9 2 1 13 7 14 2 0 0 0
3 0 10 12 13 7 13 0 11 15 13 3 8 4 15 4 3 13 2 8 13 7 13 2 1 13 11 14 2 0 0 0
3 0 9 4 13 7 13 0 11 6 10 11 8 15 14 0 3 13 15 8 13 7 9 2 1 13 15 10 6 0 0 0
3 9 2 6 13 7 13 0 4 1 13 11 8 4 14 0 2 6 7 8 13 7 9 5 1 13 7 4 2 0 2 0
3 13 7 12 13 7 13 0 8 15 13 11 8 15 7 12 3 4 2 8 13 7 13 2 1 13 11 14 2 0 0 0
3 1 7 2 13 7 13 13 12 1 13 11 8 12 9 0 3 6 2 8 13 7 13 2 1 13 11 14 2 0 0 0
1 1 7 2 13 7 13 0 0 1 13 3 8 4 9 3 3 4 2 8 13 7 13 2 1 13 7 14 6 0 0 0
3 14 8 8 13 7 12 0 10 6 13 11 8 4 9 10 3 6 4 8 13 7 13 13 1 13 7 4 2 0 0 0
3 6 8 8 13 7 12 0 10 6 13 11 8 4 9 10 3 6 4 8 13 7 13 13 1 13 7 4 2 0 0 0
3 6 8 8 13 7 12 0 10 6 13 11 8 4 9 10 3 6 4 8 13 7 13 13 1 13 7 4 2 0 0 0
3 9 2 8 13 7 13 0 0 1 13 0 8 13 5 0 3 4 2 8 13 7 13 2 1 13 15 13 1 0 0 0
3 9 2 8 13 7 13 0 0 1 13 0 8 13 5 0 3 4 2 8 13 7 13 2 1 13 15 13 1 0 0 0
13 13 9 4 13 6 13 0 11 6 14 11 8 4 6 0 3 0 8 8 13 7 13 2 1 13 7 14 6 0 0 0
3 12 9 4 13 8 13 0 11 6 14 11 8 4 6 0 3 0 8 8 13 7 13 2 1 13 7 14 6 0 0 0
3 6 8 8 13 7 12 0 10 6 13 11 8 4 9 10 3 6 15 8 13 7 13 5 1 13 7 6 2 0 0 0
3 12 9 4 13 8 13 0 11 6 14 11 8 4 14 0 3 6 15 8 13 7 13 2 1 13 15 13 1 0 0 0
3 12 9 4 13 8 13 0 11 6 14 11 8 4 14 0 3 6 15 8 13 7 13 2 1 13 15 13 1 0 0 0
3 6 8 8 13 7 13 0 10 6 13 11 8 4 9 8 3 6 2 8 13 7 13 5 1 13 7 6 2 0 0 0
5 12 0 8 13 7 12 0 10 6 13 11 8 4 8 0 3 6 15 8 13 7 13 2 1 13 15 13 1 0 0 0
3 6 8 8 13 13 13 0 8 6 13 11 8 4 9 8 2 6 7 8 13 7 13 2 1 13 15 13 1 0 0 0
3 6 8 8 13 13 13 0 8 6 13 11 8 4 9 8 2 6 7 8 13 7 13 2 1 13 15 13 1 0 0 0
3 6 8 8 13 13 13 0 8 6 13 3 8 4 14 0 3 6 2 8 13 7 13 2 1 13 15 13 1 0 0 0
3 2 8 8 13 7 13 0 8 6 13 3 8 4 14 0 3 6 2 8 13 7 13 2 1 13 15 13 1 0 0 0
3 1 8 8 13 7 13 0 0 6 13 11 8 4 14 0 3 6 2 8 13 7 13 2 1 13 15 13 1 0 0 0
3 1 9 6 13 7 13 0 8 6 13 11 8 4 8 0 3 6 15 8 13 7 13 2 1 13 15 13 1 0 0 0
3 1 8 8 13 7 13 0 0 6 13 11 8 4 14 0 3 6 2 8 13 7 13 2 1 13 15 13 1 0 0 0
3 6 0 8 13 7 13 8 8 6 13 11 8 4 6 0 3 6 3 8 13 7 13 2 1 13 3 14 6 0 0 0
3 1 8 8 13 7 13 0 8 6 13 0 8 13 5 0 3 6 2 8 13 7 13 3 1 13 7 13 1 0 0 0
3 6 8 8 13 7 13 0 4 1 13 11 8 4 6 0 3 6 2 8 13 7 13 2 1 13 15 13 1 0 0 0
3 6 0 8 13 7 13 12 10 6 13 11 8 4 8 4 2 6 7 8 13 7 12 2 1 13 7 13 1 0 0 0
3 12 8 8 13 7 13 0 8 6 13 3 8 4 14 0 3 6 15 8 13 7 13 2 1 13 7 14 6 0 0 0
3 6 8 8 13 7 13 0 8 6 13 0 8 13 5 0 3 6 2 8 13 7 13 2 1 13 15 13 11 0 0 0
3 8 8 8 13 7 12 0 11 6 13 11 8 4 6 0 3 6 2 8 13 7 13 2 1 13 7 12 1 0 0 0
3 6 0 0 13 7 12 0 10 6 13 11 8 4 15 0 3 6 3 8 13 7 13 2 1 13 15 13 1 0 0 2
3 1 9 6 13 7 13 0 10 6 13 11 8 4 15 0 3 6 3 8 13 7 13 2 1 13 15 13 1 0 0 0
3 1 8 8 13 7 13 0 8 6 13 0 8 13 5 0 3 6 2 8 13 7 13 2 1 13 15 13 1 0 0 14
3 6 8 8 13 7 13 0 12 1 12 11 8 4 8 0 3 6 15 8 13 7 13 2 1 13 15 13 1 0 0 0
3 6 8 8 13 7 13 0 12 3 5 1 8 4 8 0 3 6 15 8 13 7 13 6 1 13 11 13 1 0 0 0
3 6 0 8 13 7 13 0 10 5 12 11 8 4 8 0 3 6 15 8 13 7 13 2 1 13 7 14 1 0 0 0
3 6 8 8 13 7 13 0 10 6 13 11 8 4 15 0 3 6 7 8 13 7 13 2 1 13 15 13 9 0 0 0
3 6 11 2 13 7 13 0 12 3 5 1 8 4 8 0 3 6 15 8 13 7 13 2 1 13 7 13 1 0 0 0
3 6 0 8 13 7 13 0 10 1 12 11 8 4 8 0 3 6 15 8 13 7 13 2 1 13 7 14 1 0 0 0
3 6 0 8 13 7 13 0 10 6 13 10 8 4 8 0 3 6 15 8 13 7 13 2 1 13 7 14 1 0 0 0
3 6 0 8 13 7 13 0 10 6 13 10 8 4 8 0 3 6 15 8 13 7 13 2 1 13 7 14 1 0 0 0
3 6 0 8 13 7 13 0 10 6 13 10 8 4 8 0 3 6 15 8 13 7 13 2 1 13 7 14 1 0 0 0
3 6 0 8 13 7 13 0 10 6 13 10 8 4 8 0 3 6 15 8 13 7 13 2 1 13 7 6 1 0 0 0
3 6 0 8 13 7 13 0 10 6 13 10 8 4 8 0 3 6 15 8 13 7 13 2 1 13 7 6 1 0 0 0
3 6 0 8 13 7 13 0 10 6 13 10 8 4 8 0 3 6 15 8 13 7 13 2 1 13 7 6 1 0 0 0
3 6 0 8 13 7 4 0 10 6 13 11 8 4 6 0 3 6 7 8 13 7 13 6 1 13 7 13 1 0 0 0
3 6 0 8 13 7 13 0 10 6 13 10 8 4 8 0 3 6 15 8 13 7 13 2 1 13 7 6 1 0 0 0
3 6 0 8 13 7 13 0 11 1 12 3 8 4 8 0 3 6 2 8 13 7 13 6 1 13 7 13 1 0 0 0
3 6 0 8 13 7 13 0 11 1 12 3 8 4 8 0 3 6 2 8 13 7 13 6 1 13 7 13 1 0 0 0
3 6 0 8 13 7 13 0 11 1 12 3 8 4 8 0 3 6 2 8 13 7 13 6 1 13 7 13 1 0 0 0
3 6 9 6 13 7 13 0 11 1 12 3 8 4 8 0 3 6 2 8 13 7 13 5 1 13 7 13 1 0 0 0
3 6 0 8 13 7 13 0 11 1 12 11 8 5 5 0 3 6 2 8 13 7 13 2 1 13 15 13 1 0 0 0
3 6 0 8 13 7 13 4 10 6 13 11 8 4 14 0 3 6 7 8 13 7 13 2 0 13 7 13 1 0 0 0
3 6 0 8 13 7 13 4 10 6 13 11 8 4 14 0 3 6 7 8 13 7 13 2 0 13 7 13 1 0 0 0
3 6 9 6 13 7 13 0 10 6 13 11 8 4 14 0 3 6 7 8 13 7 13 2 1 13 15 13 1 0 0 0
3 6 0 8 13 7 13 0 8 6 13 11 8 4 14 0 3 6 7 8 13 7 13 2 1 13 15 13 1 0 0 0
3 6 0 8 13 7 13 0 14 5 13 11 8 4 14 0 3 6 7 8 13 7 13 2 1 13 15 13 1 0 0 0
3 1 10 6 13 7 13 0 11 1 12 3 8 4 8 0 3 6 2 8 13 7 13 2 1 13 7 13 1 0 0 0
3 6 8 8 13 7 13 0 10 6 13 10 8 4 15 0 3 6 3 8 13 7 13 2 1 13 15 13 1 0 0 0
3 6 0 8 13 7 13 0 10 6 13 3 8 4 8 0 3 6 2 8 13 7 9 2 1 13 7 13 1 0 0 0
3 6 0 8 13 7 13 0 14 6 13 3 8 4 8 0 3 6 2 8 13 7 9 2 1 13 7 13 1 0 0 0
3 6 0 8 13 7 13 0 10 6 13 2 8 4 8 0 3 6 15 8 13 7 13 2 1 13 15 13 1 0 0 0
3 6 0 8 13 7 13 0 11 1 12 3 8 4 8 0 3 6 2 8 13 7 13 2 1 13 15 13 1 0 0 0
3 6 0 8 13 7 13 0 11 1 12 3 8 4 8 0 3 6 2 8 13 7 13 2 1 13 15 13 1 0 0 0
3 6 0 8 13 7 13 0 10 6 13 2 8 4 8 0 3 6 2 8 13 7 13 2 1 13 15 13 1 0 0 0
3 6 8 8 13 7 13 0 10 6 13 2 8 4 8 0 3 6 2 8 13 7 13 2 1 13 15 13 1 0 0 0
3 6 0 8 13 7 13 0 10 6 13 2 8 4 8 0 3 6 2 8 13 7 13 2 1 13 7 13 5 0 0 0
3 6 0 8 13 7 13 0 10 6 13 2 8 4 8 0 3 6 2 8 13 7 13 2 1 13 7 5 1 0 0 0
1 6 8 8 13 7 13 0 11 1 13 3 8 4 8 0 3 6 2 8 13 7 13 2 1 13 7 13 1 0 0 0
3 6 0 8 13 7 13 0 10 6 13 2 8 4 8 0 3 6 1 8 13 7 13 2 1 13 14 13 1 0 0 0
3 6 0 8 13 7 13 0 10 6 13 2 8 4 8 0 3 6 14 8 13 7 13 6 1 13 7 13 1 0 0 0
3 6 0 8 13 7 13 0 11 1 13 3 8 4 8 0 3 6 6 8 13 7 13 2 1 13 15 13 1 0 0 0
3 6 8 8 13 7 13 0 10 1 13 3 8 4 8 4 3 6 7 8 13 7 13 2 1 13 7 13 1 0 0 0
3 6 0 8 13 7 13 0 10 6 13 3 8 4 6 0 3 6 3 8 13 7 13 2 1 13 7 13 1 0 0 0
3 2 0 8 13 7 13 0 10 6 12 3 8 4 8 0 3 6 7 8 13 7 13 7 1 13 7 13 1 0 0 0
3 6 0 8 13 7 13 0 10 6 13 2 8 4 8 0 3 6 14 8 13 7 13 6 1 13 7 13 1 0 0 0
3 6 0 8 13 7 13 0 11 1 13 3 8 4 8 0 3 6 3 8 13 7 13 2 1 13 7 13 1 0 0 0
3 6 0 8 13 7 13 0 11 1 13 3 8 4 8 0 3 6 7 8 13 7 13 2 1 13 7 13 5 0 0 0
3 6 0 8 13 7 5 0 11 6 13 3 8 4 8 0 3 6 6 8 13 7 13 2 1 13 15 13 1 0 0 0
3 6 0 8 13 7 5 0 11 6 13 3 8 4 8 0 3 6 6 8 13 7 13 2 1 13 15 13 1 0 0 0
3 6 1 8 13 7 13 0 10 6 13 2 8 4 8 0 3 6 7 8 13 7 13 6 1 13 7 13 1 0 0 0
3 6 0 8 13 7 13 0 10 6 13 2 8 4 8 0 3 6 15 8 13 7 13 2 1 13 7 13 1 0 0 0
3 6 8 8 13 7 5 0 11 1 12 2 8 4 8 0 3 6 7 8 13 7 13 2 1 13 7 13 1 0 0 0
3 6 8 8 13 7 5 0 11 1 12 2 8 4 8 0 3 6 7 8 13 7 13 2 1 13 7 13 1 0 0 0
3 6 0 8 13 7 13 0 10 6 13 2 8 4 8 0 3 6 14 8 13 7 13 2 1 13 7 13 1 0 0 0
3 6 0 8 13 7 13 0 10 6 13 2 8 4 8 0 3 6 14 8 13 7 13 2 1 13 7 13 1 0 0 0
3 6 0 8 13 7 13 0 10 6 13 2 8 4 8 0 3 6 14 8 13 7 13 2 1 13 7 13 1 0 0 0
3 6 0 8 13 7 13 0 10 6 13 3 8 4 8 0 3 6 6 8 13 7 13 2 1 13 7 13 1 0 0 0
3 6 0 8 13 7 13 0 8 6 12 2 8 4 7 0 3 6 0 8 13 7 13 2 1 13 7 13 1 0 0 0
3 6 0 8 13 7 13 12 10 6 13 2 8 4 8 0 3 6 7 8 13 7 13 2 1 13 7 13 1 0 0 0
3 6 0 8 13 7 13 0 10 6 13 2 8 4 8 0 3 6 7 8 13 7 13 2 1 13 7 13 1 0 0 0
3 6 1 8 13 7 5 0 10 6 13 2 8 4 8 0 3 6 7 8 13 7 13 2 1 13 7 13 1 0 0 0
3 6 0 8 13 7 13 0 10 6 13 2 8 4 8 0 3 6 7 8 13 7 13 2 1 13 14 13 1 0 0 0
3 6 0 8 13 7 12 0 2 6 15 2 8 4 8 0 3 6 7 8 13 7 13 2 1 13 7 13 1 0 0 0
3 6 0 8 13 7 13 0 10 6 13 2 8 4 8 0 3 6 7 8 13 7 13 2 1 13 7 13 1 0 0 0
3 6 0 8 13 7 13 0 10 6 13 2 8 4 8 0 3 6 7 8 13 7 13 2 1 13 7 13 1 0 0 0
3 6 0 8 13 7 13 0 10 6 13 11 8 4 8 0 3 6 2 8 13 7 13 2 1 13 7 13 1 0 0 0
3 6 0 8 13 7 13 0 10 6 13 11 8 4 8 0 3 6 2 8 13 7 13 2 1 13 7 13 1 0 0 0
3 6 0 8 13 7 13 0 10 6 13 11 8 4 8 0 3 6 6 8 13 7 13 2 1 13 7 13 1 0 0 0
3 6 1 8 13 7 13 0 10 6 13 2 8 4 8 0 3 6 2 8 13 7 13 2 1 13 7 13 1 0 0 0
3 6 0 8 13 7 13 0 10 6 15 11 8 4 8 0 3 6 2 8 13 7 13 2 1 13 7 13 1 0 0 0
3 6 0 8 13 7 13 0 11 6 15 11 8 4 8 0 3 6 2 8 13 7 13 2 1 13 7 13 1 0 0 0
3 6 0 8 13 7 13 8 10 6 13 2 8 4 8 0 3 6 7 8 13 7 13 2 1 13 7 13 1 0 0 0
3 6 0 8 13 7 13 0 8 6 13 2 8 4 8 0 3 6 7 8 13 7 13 2 1 13 7 13 1 0 0 0
3 6 0 8 13 7 13 0 8 6 13 2 8 4 8 0 3 6 7 8 13 7 13 2 1 13 7 13 1 0 0 0
3 6 0 8 13 7 13 0 8 6 13 2 8 4 8 0 3 6 7 8 13 7 13 2 1 13 7 13 1 0 0 0
3 6 0 8 13 7 13 0 8 6 13 2 8 4 8 0 3 6 7 8 13 7 13 2 1 13 7 13 1 0 0 0
3 6 0 8 13 7 13 0 8 6 13 2 8 4 8 0 3 6 7 8 13 7 13 2 1 13 7 13 1 0 0 0
3 6 0 8 13 7 13 0 8 6 13 2 8 4 8 0 3 6 7 8 13 7 13 2 1 13 7 13 1 0 0 0
3 6 0 8 13 7 13 0 10 6 13 11 8 4 8 0 3 6 3 8 13 7 13 2 1 13 7 13 1 0 0 0
3 6 0 8 13 7 13 12 11 6 9 5 8 4 8 0 3 6 7 8 13 7 13 2 1 13 7 13 1 0 0 0
3 6 0 8 13 7 13 0 10 6 13 2 8 4 8 0 3 6 10 8 13 7 13 2 1 13 7 13 1 0 0 0
3 6 0 8 13 7 13 0 10 6 5 11 8 4 8 0 3 6 2 8 13 7 13 2 1 13 7 13 1 0 0 0
3 6 0 8 13 7 13 0 10 6 5 2 8 4 8 0 3 6 6 8 13 7 13 2 1 13 7 13 1 0 0 0
3 6 2 8 13 7 13 12 6 6 5 7 8 4 8 0 3 6 7 8 13 7 13 2 1 13 7 13 1 0 0 0
3 6 0 8 13 7 13 12 10 6 13 3 8 4 8 0 3 6 7 8 13 7 13 2 1 13 7 13 1 0 0 0
3 6 0 8 13 7 13 0 10 6 13 2 8 4 8 0 3 6 10 8 13 7 13 2 1 13 7 13 1 0 0 0
3 6 4 8 13 7 13 0 10 6 13 2 8 4 8 0 3 6 10 8 13 7 13 2 1 13 7 13 1 0 0 0
3 6 0 8 13 7 13 0 10 6 13 11 8 4 8 0 3 6 7 8 13 7 13 6 1 13 7 13 1 0 0 0
3 6 0 8 13 7 13 0 10 6 13 2 8 4 8 0 3 6 10 8 13 7 13 2 1 13 7 13 1 0 0 0
3 6 0 8 13 7 13 12 11 6 15 3 8 4 8 0 3 6 6 8 13 7 13 2 1 13 7 13 1 0 0 0
3 6 0 8 13 7 13 12 11 6 15 6 8 4 8 0 3 6 10 8 13 7 13 2 1 13 7 13 1 0 0 0
3 6 4 8 13 7 13 0 10 6 13 2 8 4 8 0 3 6 2 8 13 7 13 2 1 13 7 13 1 0 0 0
3 6 4 8 13 7 13 0 10 6 13 2 8 4 8 0 3 6 2 8 13 7 13 2 1 13 7 13 1 0 0 0
3 6 4 8 13 7 13 0 10 6 13 2 8 4 8 0 3 6 10 8 13 7 13 2 1 13 7 13 1 0 0 0
3 6 4 8 13 7 13 0 10 6 13 2 8 4 8 0 3 6 2 8 13 7 13 2 1 13 7 13 1 0 0 0
3 6 4 8 13 7 13 0 10 6 13 2 8 4 8 0 3 6 10 8 13 7 13 2 1 13 7 13 1 0 0 0
3 6 0 8 13 7 13 0 10 6 13 2 8 4 8 0 3 6 2 8 13 7 13 2 1 13 7 13 1 0 0 0
3 6 0 8 13 7 13 0 10 6 13 11 8 4 8 0 3 6 10 8 13 7 13 2 1 13 7 13 1 0 0 0
3 6 4 8 13 7 13 0 10 6 15 6 8 4 8 0 3 6 2 8 13 7 13 2 1 13 7 13 1 0 0 0
3 6 4 8 13 7 13 0 10 6 13 2 9 4 8 0 3 6 10 8 13 7 13 2 1 13 7 13 1 0 0 0
3 6 0 8 13 7 13 0 10 6 5 11 8 4 8 0 3 6 10 8 13 7 13 2 1 13 7 13 1 0 0 0
3 6 0 8 13 7 13 0 10 6 13 11 8 4 8 0 3 6 2 8 13 7 13 2 1 13 7 13 1 0 0 0
3 6 6 8 13 7 13 0 10 6 13 3 8 4 8 0 3 7 7 8 13 7 13 2 1 13 7 13 1 0 0 0
3 6 4 8 13 7 13 0 10 6 13 11 8 4 8 0 3 6 0 8 13 7 13 2 1 13 7 13 1 0 0 0
3 6 6 8 13 7 13 0 10 6 13 7 8 4 8 0 3 6 2 8 13 7 13 2 1 13 7 13 1 0 0 0
3 6 4 8 13 7 13 0 10 6 15 0 9 4 8 0 3 6 10 8 13 7 13 2 1 13 7 13 1 0 0 0
3 6 0 8 13 7 13 0 10 6 13 10 8 4 8 0 3 6 2 8 13 7 13 2 1 13 7 13 1 0 0 0
3 6 0 8 13 7 13 0 10 6 15 2 8 4 8 0 3 6 2 8 13 7 13 2 1 13 7 13 1 0 0 0
3 6 4 8 13 7 13 0 6 6 15 7 8 4 8 0 3 6 0 8 13 7 13 2 1 13 7 13 1 0 0 0
3 6 0 8 13 7 13 0 10 6 13 6 8 4 8 0 3 6 2 8 13 7 13 2 1 13 7 13 1 0 0 0
3 6 0 9 13 7 13 0 10 6 13 0 8 4 8 0 3 6 2 8 13 7 13 2 1 13 7 13 1 0 0 0
3 6 6 8 13 7 13 0 10 6 13 10 8 4 8 0 7 6 7 8 13 7 13 2 1 13 7 13 1 0 0 0
3 6 6 8 13 7 13 0 10 6 13 10 8 4 8 0 7 6 7 8 13 7 13 2 1 13 7 13 1 0 0 0
3 6 6 8 13 7 13 0 10 6 13 7 8 4 8 0 3 6 2 8 13 7 13 2 1 13 7 13 1 0 0 0
3 6 12 8 13 7 13 0 2 6 15 6 8 4 8 0 3 6 7 8 13 7 13 2 1 13 7 13 1 0 0 0
3 6 4 8 13 7 13 0 2 6 15 6 8 4 8 0 3 6 7 8 13 7 13 2 1 13 7 13 1 0 0 0
3 6 6 8 13 7 13 0 2 6 15 6 8 4 8 0 3 6 3 8 13 7 13 2 1 13 7 13 1 0 0 0
3 6 4 8 13 7 13 0 10 6 15 2 8 4 8 0 3 6 2 8 13 7 13 2 1 13 7 13 1 0 0 0
3 6 0 8 13 7 13 0 2 6 15 6 8 4 8 0 3 6 7 8 13 7 13 2 1 13 7 13 1 0 0 0
3 6 0 8 13 7 13 0 2 6 15 6 8 4 8 0 3 6 7 8 13 7 13 2 1 13 7 13 1 0 0 0
3 6 0 8 13 7 13 0 2 6 15 6 8 4 8 0 3 6 7 8 13 7 13 2 1 13 7 13 1 0 0 0
3 6 0 8 13 7 13 0 2 6 15 6 8 4 8 0 3 6 7 8 13 7 13 2 1 13 7 13 1 0 0 0
3 6 4 8 13 7 13 0 2 6 15 6 8 4 8 0 3 6 7 8 13 7 13 2 1 13 7 13 1 0 0 0
3 6 4 8 13 7 13 0 2 6 15 6 8 4 8 0 3 6 7 8 13 7 13 2 1 13 7 13 1 0 0 0
3 6 0 8 13 7 13 0 2 6 15 6 8 4 8 0 3 6 7 8 13 7 13 2 1 13 7 13 1 0 0 0
3 6 6 8 13 7 13 0 10 6 13 0 8 4 8 0 3 6 2 8 13 7 13 2 1 13 7 13 1 0 0 0
3 6 6 8 13 7 13 0 10 6 13 0 8 4 8 0 3 6 2 8 13 7 13 2 1 13 7 13 1 0 0 0
3 6 0 8 13 7 13 0 11 6 13 2 8 4 8 0 3 6 7 8 13 7 13 2 5 13 7 13 1 0 0 0
3 6 6 8 13 7 13 0 10 6 13 6 8 4 8 0 3 6 10 8 13 7 13 2 1 13 7 13 1 0 0 0
